100 2
188.75981113193976 694.9761161459548 
290.87324187193246 427.897733312043 
317.92845013990916 164.4117898806074 
377.0897428170709 127.441358938909 
377.4455424078664 99.26260352960405 
383.2490565087871 82.77736584766386 
383.45515126408344 80.10247331130614 
384.055946327598 70.14109308277149 
384.08981296633766 69.95732378630827 
384.1287854042976 69.89020638589648 
384.2208743463771 69.83306915552544 
384.27213681064217 69.73206164955643 
384.3231462185262 69.44413509249719 
384.9145883089475 68.98077844098444 
385.11132171528163 68.95158440881195 
385.15278942051077 68.89157845515359 
386.0869836442272 68.89041457787616 
386.8207527702744 68.88912244758036 
387.883292118608 66.47230149320025 
388.2220082878729 66.36140238913038 
388.4328121654259 66.36125846368662 
388.53108697583497 66.35962317798273 
388.5603521411749 66.35429502154601 
389.2769057239687 66.35407638529048 
389.28124341199793 66.35390645551392 
389.4633184285363 66.35344786250818 
390.0989976697332 66.03141205883556 
390.1057425713745 65.9715239995259 
390.2689610185632 65.96353865153085 
390.96917563720854 63.931773827043145 
392.42032276714207 63.64785314330808 
392.4269294226796 63.647170180100645 
392.4303570449544 63.64576052730479 
392.43371305005707 63.64524919323248 
392.45087200817943 63.64441831234565 
392.9095899175732 63.59025215222511 
393.01908563149186 63.511416312892074 
393.170288790673 63.39727869082305 
393.285102536402 63.10674545120864 
393.43003845922493 62.669754647961824 
394.06401512815046 62.5195210617225 
394.119942256488 62.36723743551391 
394.13191843002215 62.241184782380756 
394.16497042374647 62.23479802214285 
394.3936082581103 62.181880305824635 
397.7164285566535 60.215682262290144 
397.7489969620109 59.83909070568134 
402.29609766143824 59.56698189016733 
404.79985292469587 59.51210401019289 
405.0093612628802 59.375785750044486 
406.0446691233388 59.049233588854975 
406.2076343895883 59.04577138521738 
406.2429365486473 58.91037834370283 
406.7423703602365 58.41322871957699 
634.3931233260034 55.42823878372496 
643.3433324250161 52.82786788819743 
649.439492237233 52.82473441133645 
653.463670330545 51.90492541049624 
656.1237840849141 49.236973706426525 
656.1596825769273 48.77776081695025 
657.3649593563576 48.65662923726432 
694.1903976839129 48.20109597887938 
760.7437380119724 46.384715917470615 
761.5487594333953 45.29319913396938 
772.9692767266498 39.531858691546475 
773.8356182171602 36.03338017743941 
773.984025936574 35.88862277545097 
776.3446337323129 35.355352681124124 
776.3970338371953 35.21921149972155 
776.5389397472798 34.796976355149376 
786.8826568521516 32.706738780248344 
787.5963459403907 31.33205416668957 
788.3941781186672 30.145456192476647 
808.542898363655 21.14686315186006 
810.7314245594458 19.453923749843828 
810.8928627923664 17.55535061565279 
825.5768983742914 16.471555739121364 
848.5129511437908 16.422316011860985 
851.2742056865792 16.30679638812872 
889.0617591031711 16.156040764227882 
891.6257043560914 15.848158730911454 
907.2715475639382 15.680097189511851 
911.8854957735019 15.284010500891462 
914.9018513961655 15.224527075686352 
915.626893657036 15.10651436563013 
917.453839445812 14.804171391479423 
919.1423096130734 14.774576329083782 
921.0774692700954 14.315321834086157 
923.5137414890569 13.904037524321005 
924.1857285978683 13.817553614734184 
925.2414374346178 13.677330034099361 
926.8114154067803 13.264568205516763 
927.6515279499602 11.650694237592658 
995.8854541971126 4.6536840224120875 
997.9016362196917 4.645808915266934 
998.735171249144 3.525165237472489 
998.9467809342226 0.04580479805938374 
999.2284172320424 0.02993527542635567 
999.9524749073627 0.01593647914589068 
999.960485542265 0.010474104014964233 
