100 2
11.076574880112661 999.6729449810523 
12.04146609748351 999.672308380809 
12.41701767987496 999.6631153365599 
14.104444867867814 999.6618655740823 
14.34430973850429 999.6609534706026 
15.155022144785434 999.6531459564865 
15.31482007101764 999.5683027753728 
20.064827245111584 999.5476753207179 
26.600401272756514 999.3863780359724 
26.714612777314308 999.3862390207174 
26.759614818996166 999.3794021802161 
27.16985218920993 999.3600463647118 
27.17468402828947 999.3293885931319 
27.177118317519508 999.3157050027098 
28.409590545297032 999.2909802590307 
28.540452124831827 999.2888851390665 
48.28253552857857 999.2358511977392 
54.93276096213309 999.2087926093545 
55.787863963747256 999.1446372232748 
56.229473487765546 999.1364467018 
57.06559949769907 999.0392519261728 
62.2303295780623 998.9510045739634 
62.278549278369816 998.889983534484 
62.935805963359904 998.8759381568274 
63.042893362850236 998.8674184166246 
65.22221485899405 998.8671455772485 
65.44441812604441 998.866398692034 
65.50462332759793 998.8651015937404 
65.513915051543 998.8648257601058 
65.52725370600845 998.8634597654511 
67.29907087211122 998.862180142129 
71.86006769598431 998.8487652893693 
91.23745449365687 998.829929359082 
91.23822295146469 998.743002487509 
91.24647037008293 998.7309206495086 
91.3455811654956 998.6348311063156 
91.34672529637763 998.461352676858 
91.3533465977829 998.3442820551269 
91.45486931272745 998.3317573155666 
91.48091759462775 998.3089497210817 
91.48157994513008 998.3087722271842 
91.48904752009769 998.3020553207373 
91.5018830040917 998.2914528237808 
91.5050400573659 998.2913309068723 
91.5056697408378 998.291182073069 
91.50568219208917 998.2811193652313 
91.50678296268703 998.2744286746978 
91.50742588172417 998.266928742854 
91.50762663750855 998.2658213247488 
103.16402417360658 998.1014325537963 
107.96469658931326 998.084646994363 
147.2208682429691 997.0901707663577 
147.27549586322925 997.0776185989208 
147.295272652601 997.0759839462422 
147.3230333669458 997.0719264001644 
147.41098147155984 997.063600181538 
147.41101005759464 997.0403084943506 
147.4121203233475 996.8887035988095 
147.43133002328204 996.8473172855645 
148.34262845279628 996.8427603522101 
148.6025056192446 996.7951206179235 
149.14211710612835 996.7602553565722 
149.14348291175034 996.753864954521 
149.1445869524983 996.7517203873563 
149.19732828941366 996.7459812116217 
149.3186546333774 996.743045175758 
149.4795676570472 996.7375819749468 
149.49956264868106 996.7268111253618 
150.3049026845705 996.7240875502832 
150.30687762326144 996.7092461596711 
150.3074017472057 996.7040243183253 
150.30814129605417 996.6988404562068 
150.3081706246338 996.6976999206447 
150.30817289366047 996.6965937877281 
150.30818113653487 996.695810260592 
150.3086513033787 996.68823560454 
150.3101683001271 996.653277701538 
150.3110937855635 996.556948511303 
150.37264254848856 996.1754133898735 
155.28540022209518 991.6264299023587 
197.52777815254635 990.0144852703866 
282.5123407356407 979.0805658496839 
299.7657617984719 971.4726387958651 
305.16759615147413 965.5794843379022 
350.84274272272387 964.2632780241651 
375.8606838000729 964.2632208783293 
378.61300900623723 964.2624190114473 
379.1688736945155 963.8927836485642 
382.4675199376791 962.2135859222774 
382.8457024592558 962.1555295758575 
385.97024887123115 962.0972246903247 
389.9461860334704 961.5109150526421 
420.9142218887479 961.0355032752936 
433.2685152040378 959.5813121108355 
459.92842358373264 957.5003353155199 
964.9316757311575 349.00176973358003 
965.8143595538171 218.29494670412794 
998.8026654237384 96.11754837083443 
998.814874564611 72.15133264017616 
999.5201812376707 39.69505493533348 
