100 2
5.528411311441769 996.615663125815 
8.51823020367861 977.4337685386841 
60.161563390847924 952.9660616811401 
113.89282570146045 935.6131208919171 
123.72978529658944 911.7142073870809 
160.54078798149374 879.0385493930082 
446.1774722933084 469.28129448905986 
564.8295514918004 167.12151919943952 
564.835294001288 142.15435543350682 
564.847781737259 130.26098247968568 
564.8497110300661 130.2578305952672 
564.8506666610601 130.25094844623422 
564.8535251680825 130.24325436177156 
564.8846759835599 129.25517642955438 
564.886608350968 128.79424465909636 
564.8868064341065 128.79391353739163 
564.8884908074026 128.79224712349009 
564.891364707296 128.78734538932983 
564.8998484066819 127.90430811742604 
565.0371298699062 108.85353946966656 
565.0613728438766 103.21787098426978 
565.2187329736996 103.2171489497477 
565.5862453061136 103.21434082694357 
568.9396169501222 103.21423573144783 
568.9540825809198 103.21204330901246 
569.7231185506208 103.21177240099165 
569.7299922836481 103.21156513232026 
572.7551760342387 102.96206831080826 
577.60192026701 102.48834538079169 
578.3464830556624 102.32334297625745 
582.4274394621086 101.40339839340936 
584.2841871023417 101.38401442919451 
584.284535363838 101.31258317561 
584.2879401495825 101.27569404774266 
584.3082509470784 101.27334565001408 
584.3100031028011 101.1467623636083 
584.3149717366025 100.95670961729809 
584.3192386245421 100.90270706073696 
584.83977148058 100.50708177266345 
584.9559314359028 100.4011692678463 
584.9694899926802 100.3847868676578 
584.9705632415227 100.3588310149659 
584.9767145446461 100.27430765630487 
584.9783381593858 100.17418694533978 
584.9819338765683 100.14735962172286 
584.9825065918451 100.01045316165286 
584.982743634051 99.7660584851014 
584.9828464327519 99.74076249507074 
584.9858479384271 99.15078453010314 
584.987975522935 99.14526249515309 
584.9903569704716 99.14473185328845 
584.9927558050902 99.14336920744574 
584.9971701554178 99.05380464996176 
585.271446199407 98.9387205597768 
586.4999997058875 95.45711215324833 
587.7887502408219 93.40114167176415 
593.2729920506883 90.01899171090197 
593.3206648519204 90.01898425119396 
593.5029709224082 90.01895041878399 
594.3465731500496 90.01891964072784 
594.4212869148522 90.01885487096871 
596.6763678259643 90.0188122707903 
598.8744547207716 90.01659978223509 
603.1284488041842 90.01061966400174 
603.6333079537284 89.80640097673503 
605.6394528956744 89.70030318537152 
610.4152155165474 88.53315701604663 
611.6842921872707 88.27171325376996 
611.7510431237409 88.20924896753584 
611.7876507735334 87.7744182863685 
611.9326844390487 87.33542065127139 
730.6360278819491 86.43413840365908 
763.2860152622551 84.80197889423852 
763.3525629033717 84.80127085127782 
763.3693482152937 84.79895355201889 
763.504068766076 84.60943324459676 
763.7764846269008 84.58012578087408 
764.6612199927988 84.53402816719368 
764.9367869629681 84.49845832503772 
767.2842493195737 84.41244434045659 
767.3762048940927 84.40956900794998 
768.3378888643437 84.3076756427351 
780.952223142929 83.07171745744948 
796.8228472443434 82.69207984454063 
852.6724775248086 82.33472463821136 
937.3851762966133 82.17736584045282 
941.2959142408336 46.102892977953616 
942.4890006282151 25.174589936995176 
951.0190157577161 24.115202055572823 
955.1564908959288 24.114673890229597 
964.14963678235 24.10764438969376 
965.4647792101734 23.82784340525639 
979.5622688921123 22.000613387638705 
981.4657735389629 5.763629874028467 
989.5573280600306 2.8035002268818356 
999.7313035051483 1.8575051127605335 
999.99307493335 0.5259789995239708 
999.9969834509111 0.40501263948438143 
999.9985314659433 0.4037370537985189 
999.999176385923 0.2592669016121807 
