100 2
14.67148012928768 678.6835078947131 
38.68624733972169 663.2868656557578 
72.05938531352643 662.9891212099084 
78.33311606447421 637.157861864961 
102.82230779794287 628.7665253369644 
130.34578483847622 603.2152926732408 
139.3603010826358 601.5517273404023 
160.34672317097338 598.9675352698913 
178.3891447620737 576.1047708138395 
178.40097621560471 551.0921551914196 
178.49122197997931 549.9299576244696 
178.4963664759396 538.0456627382824 
178.51324568048494 535.1153962083051 
178.5348556136199 534.8574249066104 
178.57199032706194 532.0760998797743 
178.5725375665384 532.0189183425716 
178.5729521431066 531.7554272735597 
178.58860809875551 529.5872418940827 
178.58913531470216 529.2993704454126 
178.58971269275892 528.6340880485594 
178.66596238427368 525.9629701583516 
178.66906817952864 525.8684579141261 
178.6850678658667 525.3689635229721 
178.68918491860882 525.3631571567389 
178.69244888875784 524.9251522386284 
178.69331916765154 524.7918501171667 
178.6933267640976 524.7013741443857 
178.69795801562304 524.6905284062912 
178.95909404014694 523.1656796558003 
178.96356640137444 523.1546704763541 
178.96810950368763 522.7612474185966 
180.61614691740834 511.1374868552622 
182.16662922035 506.5714925683416 
182.26924017248734 506.4654125643059 
182.30047537041403 506.41529050528834 
182.3238749314764 506.0276044156252 
183.39003053837004 499.6577530132452 
189.02223872162392 453.10333708373395 
281.84452307525316 393.42255753209434 
281.8519390142319 391.944110333864 
281.8627919557251 390.31522751261474 
282.2331841196208 387.05042115612383 
282.2778344993892 387.04749337850427 
282.31204975056403 387.0454608105592 
282.4047024710065 386.8857122193291 
282.5168818883391 385.07392469460996 
282.5449213631646 384.4789162466384 
282.66565428457955 382.6618058757976 
283.4483453046359 380.925710982461 
285.5121324047745 379.79946482849493 
286.48556498664544 371.11757099821506 
287.0995787309082 370.4252379396101 
288.75252347863176 370.4092670561239 
288.76353871667106 370.4023157809578 
289.30194235073293 369.6848944742335 
291.58446949634714 368.7502487275118 
292.12095050686224 367.7073674726573 
292.6782688016827 355.73576702167685 
297.9446440093848 328.46410863043724 
301.62563958947413 291.4992987552575 
316.40430662678904 284.38695920724234 
382.7684248141303 279.8142500956583 
383.1420461823643 279.5848150696004 
383.1725864154533 279.558896347316 
383.5083990927436 279.422430900687 
383.56187296981255 278.89600243864373 
384.00503554036294 278.7180457836037 
385.00151558898665 278.3241114017644 
385.887039525331 278.2876827781985 
392.7246605167776 276.52001262322864 
392.7329567540869 276.4838557586688 
392.7528048025695 276.377422233784 
393.0227242224642 275.79937703516805 
413.7300907348541 261.80871058946803 
414.00432972791737 258.90604304979547 
414.045709090508 258.8257289369788 
414.04599296837864 257.17441342203165 
414.04616953721165 256.96642167515597 
414.231286447209 256.87173570888973 
414.23293680433557 256.75061850911567 
414.2806484250059 256.69660768444777 
414.28847580081566 256.5782897978011 
414.33194315800625 256.5585197913483 
414.47133896436935 255.85187601395148 
414.74153656742106 255.79811225116669 
415.3426978037137 255.79569309647607 
417.30991296985235 246.75222798221697 
418.40651181307834 232.79633807492203 
611.4730616105553 208.74563983964023 
684.0792322876594 200.37080442807923 
728.771507800014 109.83205677818226 
806.6251055846981 108.58604266140057 
873.59244469856 55.538079164512844 
896.6515731392146 22.312513619774315 
898.3287320090187 20.693923702048142 
898.3655190757236 19.45373051071486 
911.612342608787 18.368699725029323 
912.1270435801187 16.133609811876642 
912.6103727562704 7.399146692546445 
914.5397771835032 0.6612986250109342 
