100 2
165.88680216619738 788.3973253865311 
464.23132029693187 607.1972705190634 
510.4637011932398 543.7056681166049 
538.2058314918829 541.3042095817875 
725.1060389501326 500.57009156138616 
730.9120089305852 452.2309049448071 
752.6206040534706 421.42686220254745 
755.2695934865327 403.9624617626238 
757.0962429532146 379.0941808781132 
760.9464827714481 376.3461201114773 
817.4155579711359 376.105404794691 
817.9307508473509 350.94474419782205 
817.9945673256268 347.1795999616855 
818.0117265663905 346.831312945917 
818.0988225084777 332.84285452943544 
826.7505633129613 286.6397849844173 
827.4505112278517 284.0485218391868 
834.9801421452953 284.0466963587593 
835.3611350977258 278.9331581209922 
839.3443348403244 271.58728911884236 
839.4153838044409 269.96064214404936 
839.7506531264568 269.9330181359582 
840.1443025876359 269.93248341570416 
840.280016618415 269.93227146096433 
840.8515903434167 269.8532405288274 
841.1744489626864 266.4742659243578 
841.1793732159778 264.75344744785986 
842.6418678716918 263.66414244716793 
853.3525747310568 260.046585975195 
878.1748858669537 259.7584582526545 
881.0924894097751 259.27261220971167 
882.3685059229134 259.2650583873586 
885.30137444817 259.23777582176643 
924.6104489625031 259.19802233112983 
928.3062953622067 258.25481747726155 
929.2471018441144 258.17385437983125 
931.3844514098184 258.1069462534895 
937.044169892501 254.52708145250378 
937.9950471066243 254.4005053447113 
939.8846748755939 253.92644632454198 
940.0423703226257 253.37302420405706 
945.4494628353847 253.06909009370887 
946.1055048433428 252.58955910556094 
947.1406184701113 252.57243476783322 
948.572052479212 252.42061351477787 
952.9610251774001 252.2730243468056 
965.2138392526897 251.82156664183063 
965.2689931798452 251.7993712515145 
965.3611463569525 251.7980790076673 
965.3919417006991 251.79648369465903 
965.3920657960946 251.78988075290755 
965.4052535089724 251.7888203515714 
965.4531483722602 251.76529078708705 
965.5020140598491 251.76107537946473 
965.5309958747879 251.75083637788637 
965.557983299912 251.74208990085558 
965.5776489539878 251.74208918566282 
965.6740506189374 251.74199827522338 
965.6869488688687 251.74180480442215 
965.7261878953041 251.74180202746683 
965.815554612446 251.74164432619472 
965.8316426910503 251.74118428522004 
965.8406906342326 251.74100703644598 
965.8477756659152 251.74090395575953 
965.8872772475594 251.7409012634395 
965.8961790604139 251.73977113000961 
965.8985420661119 251.7389104364063 
965.9282812520408 251.73801443172502 
965.9485792303802 251.737973937621 
965.9507455396969 251.73790555404048 
965.9736596850439 251.7377105401658 
965.9778558273367 251.7355873729299 
966.0584785206426 251.72014422319967 
966.1330614540166 251.71826919118078 
966.1523221564352 251.71570155296388 
967.5006277007353 251.4736226386439 
968.0939754446721 251.2445560944643 
968.3055439098905 250.9327864946613 
968.3093187375683 240.54743760742932 
968.3103820988968 233.15878570023244 
968.3903622749225 224.52111521350463 
968.393251354831 224.26502236905097 
968.3936778862266 224.23475463557904 
968.3982091925278 224.21481847144338 
979.1304946410663 217.99770640807373 
982.9278787679993 214.73234170308135 
983.2105976432579 214.5826156319607 
983.2163906724165 214.5239458364106 
983.3898759859237 214.52198799591642 
983.5463687455645 214.49867899025836 
984.7392442374412 174.85943802168293 
984.7982709173982 164.26447777320874 
989.823370582781 107.12870747516006 
989.9477120442247 79.38195633391449 
990.7150829029688 65.04298175355481 
991.5587053423344 63.96805794552658 
991.558721234615 63.429418060880465 
991.576566310284 63.25798264626124 
992.8049647717548 54.352260296206495 
995.8797305558068 23.841149166163305 
