100 2
0.010627796959340971 999.1166179051837 
0.025295744406904602 999.1108742007835 
0.03340097446788319 999.0878220805309 
0.03416720371841068 999.0871867937808 
0.03501298716015438 999.0869743976408 
0.03597363502303964 999.0837552522343 
0.15282458791961268 999.0533853096208 
0.7209813603058512 998.9613212619906 
0.7532540845977541 998.7424850053229 
0.7540801555231152 998.6258455407498 
0.7652924442279219 998.4576372832497 
1.5623393705594164 985.3661593350923 
2.2611435554519383 981.1855891743444 
3.0741079646004295 979.4513858787639 
3.646178538732625 978.0062962734995 
4.6484751963534325 977.842954176959 
5.4455753676156515 972.2995138001897 
5.714937318594415 963.5745572075632 
11.529401009345147 957.6987099537739 
11.636547169449704 957.0010592679479 
17.039782380093094 956.975103934655 
17.639963232894907 956.9751030987272 
17.930917076838444 956.9749617661612 
17.995742741114345 956.9749428473925 
18.003622856803123 956.9749352821284 
18.033877901346187 956.9746268000997 
18.05463411411907 956.9744433994927 
18.094463105767073 956.9744413901203 
18.108906217581485 956.9743318366609 
18.180358765108416 956.9738336948884 
20.07330655644491 954.1192034435796 
89.3442978281769 748.7816614411464 
89.90934352072217 746.220410144987 
91.40020121509498 745.4888516179353 
91.92639790713483 745.1284465865508 
101.05323288934274 744.744907876431 
105.55716035474293 744.7210461147608 
107.69050831121243 744.3819374095721 
107.69096982575871 742.7362489995228 
107.7004998846292 741.6821588831247 
108.30917036479009 740.8609899056654 
110.78176363189189 740.2201071831107 
110.9874193384931 740.0918890361977 
111.01047048284241 739.9604747104406 
111.23249617981095 739.8673929446177 
111.28182219515982 739.8315779527632 
111.42257711781019 739.182840827293 
111.58934245748672 738.5232591275003 
111.5962018976449 733.7087257599529 
111.64228773674321 732.8393153463236 
116.55490455732212 732.4455649122363 
117.4397177889851 732.4151469606702 
117.48122393480207 732.4064946095951 
117.54900812101656 732.3477948480571 
117.77629531724125 732.3277118995464 
117.85876189283256 732.3037993045747 
118.22819141255569 732.1060755852868 
120.4310898289328 731.4504836473438 
120.48287195303908 731.3937582498296 
120.55908235638417 731.3924802130649 
120.56428913224163 731.3881409558038 
120.5693475953961 731.3877091490164 
120.59744882455509 731.3762087686074 
120.74691754607645 731.3340093378233 
122.20233831143177 731.2673663701141 
122.23963913598516 731.2481943847009 
122.25373307369846 731.2387140574534 
122.26364708628854 730.8850988801385 
122.26881778579009 730.8588159017148 
122.26971226051515 730.8390113152403 
122.26978003665819 730.7611501691107 
122.27369641244658 730.7405097272696 
122.27500688420223 730.7349580326261 
122.27635253814827 730.725247043404 
122.31014002704221 730.3060298975975 
122.34189810858541 707.4825991217923 
122.39555648910051 703.9172505777386 
122.488748647571 703.268138769918 
122.9959717278873 579.5654871933948 
207.6506750752314 523.4676836856102 
212.1269818260658 507.3038219696258 
410.4682934098733 506.8825307276738 
416.3725226582774 498.505385486864 
492.5615355086036 454.5424246196115 
510.5207154692087 453.02020730322045 
967.403064736513 344.0123722726192 
978.7100594503156 340.9807577096741 
980.242928632072 334.85500336881665 
994.970300139815 313.9896702428399 
994.9845869546683 313.93509829015267 
994.9948454419397 313.7506918088432 
995.0006100059373 313.67813108581004 
995.5959714883217 311.08359315148545 
996.5633264897579 269.7957101837745 
996.6238628048845 260.0845839650313 
996.640491113109 233.57832360927904 
996.7020975409931 218.05102027482226 
996.7078319898812 210.0744616113773 
996.9370228940105 52.756153920875 
998.0905579850302 11.20548538262511 
