100 2
8.096736056332785 995.1608254336965 
8.699086134108294 994.298644055615 
11.308574210873363 993.6567345123236 
11.778678410571102 993.14759500583 
50.43198329017316 992.9978841894837 
57.285592775271525 992.9967385353094 
58.03516887581359 992.9924706228319 
65.2017892470112 992.9896318012865 
66.90757621415565 992.9890848270176 
70.12520942350955 992.987692091046 
75.90015205383845 992.9809914581334 
83.90534023631255 992.9116040702879 
279.9554135614291 992.4833985106231 
280.59177620031517 943.6786003253974 
281.74661480647825 920.9837715693178 
283.36876321908125 846.7188093409924 
283.66851431458514 837.7916581105283 
286.82966301953104 813.2142208046932 
293.56049682782253 804.717852641422 
302.2703372447627 741.7184537094175 
302.29110284760793 741.2713740634966 
302.31833841309566 740.898963917251 
302.3230797540198 740.8383680694535 
302.3239606447022 740.7430075322476 
302.34504628887333 740.6822516399122 
302.3793417061698 731.7774597279679 
302.40719627268106 727.1381260470398 
303.0772168239819 727.031117569459 
303.12351751068184 726.9109691633852 
303.17775012727685 726.57490814479 
303.1859382635755 705.013560320114 
303.2626772124797 610.0251584203419 
307.68146321741574 602.5795990279524 
355.2392718822065 595.7937520683821 
360.1263318079036 593.673300943817 
360.45123096240724 588.5705954321326 
360.67248598413744 585.8508051335717 
362.1395141930914 579.3948247348203 
362.3378727951736 565.9806376136843 
363.3452158200334 522.3325689699964 
363.57915781803007 521.9168852268787 
363.6335306178174 513.0465220351814 
363.9291690800995 512.5901915474706 
364.2345642718374 511.1915982874731 
365.87904031325064 510.49064525718387 
366.579164282821 509.78168645199673 
367.12520512483104 490.17854030981573 
370.3657572459639 479.4471861426964 
371.2322878397234 479.2764708934332 
373.46763242090987 478.68898755721784 
376.9438705509185 472.37039058787667 
377.07292797357877 466.0426362112543 
377.2060435660306 463.5124080474466 
379.51484168661574 448.12104418090416 
379.55106606382617 443.04967418272264 
379.6754607243074 438.909253854509 
379.69243031602053 434.6376713817371 
379.778167276755 422.3635504826193 
379.9337448849683 389.41200373074605 
379.9837650486272 337.2184241364795 
380.0414203334519 262.0374731049576 
380.0420016338492 261.8145059861804 
380.0420355710484 261.80496945290156 
380.0420627987403 261.79505706875807 
380.042197370122 261.07035095624383 
380.0423397587136 260.9802806745518 
380.04234213366686 260.9608822251856 
380.0423425843557 260.93329159715745 
380.04235860349445 260.93320157789026 
380.0423608767069 260.8984469982978 
380.0423796091325 260.87091347900343 
380.0428354318267 260.7831833312054 
380.0433175774967 258.9497496947732 
380.0434569859029 258.91166488307283 
380.0439519584898 258.79228820708306 
380.0439992319193 258.75349348920895 
380.04402349559626 258.69285241567536 
380.0440336741068 258.6919296814532 
380.04403415777915 258.6771740316476 
380.04407478024973 258.6476825325118 
380.0440872756847 257.91627555722755 
380.04417768260606 251.31198508777615 
380.0441799640292 245.11401246646517 
380.0455322654493 226.5946089717665 
380.04605924575054 212.63571921561444 
381.04232742358005 212.48495652168538 
383.8258171910588 211.80056650562832 
492.10080698982523 211.49868168501797 
596.4531466130157 211.1209184552237 
685.5625562275532 206.02979870659487 
691.9627666375579 200.74671873052844 
766.2155962997747 193.32707200632024 
948.7462371961374 160.28526318191973 
962.8424935233041 109.53787033965459 
966.2536233145995 77.92154505477376 
966.5409824790679 77.76996672538303 
966.8167049051921 30.013657833307015 
968.5891366071729 19.368059937666303 
976.4189561913058 7.134530272719377 
993.1566747099183 4.144164825383026 
