100 2
951.501757844325 51.701942719358684 
951.5356185522116 50.87658945681614 
951.5584056190636 50.48933747407393 
951.5927853920816 50.1774760347364 
951.6632933224456 49.82117618375524 
951.6901898039364 47.24657943454271 
951.7127405048477 46.526372696647336 
951.7786162474566 46.350639027496136 
951.8299173596295 46.17834090771144 
955.4055874543185 46.176465140942085 
955.8700653540792 46.169228503366135 
956.4277795290051 46.14744157264127 
957.5927893336367 46.14105327963425 
957.8160957795247 46.140380665727314 
958.3556650151031 45.86134125229487 
960.2247945136876 45.827561624793795 
960.2802005723482 45.817888401593414 
960.3816368747684 45.81770669597815 
960.4092381484145 45.81739473322772 
960.6659132214844 45.798360744265594 
960.705494776798 43.11773144642376 
960.7223904987957 39.218157284767486 
960.9550972932711 39.12860903981779 
961.1167190132868 39.123023467857536 
961.1307125474362 39.122614532220695 
961.131817920042 39.120262975497326 
961.1323995564003 39.11668756267019 
961.1384964721291 39.07098943511706 
961.1399562305364 39.06302464380053 
961.1459421012156 39.05855160840316 
961.1655813116056 39.02761708072441 
961.1942551623747 38.92982001476677 
961.2980348310664 38.90048556392482 
961.3065383779319 38.66127228012731 
961.3101162396164 38.19650999210656 
961.3105200356481 37.42290959943656 
961.3114586980485 37.06138335552285 
978.2336837886252 31.631924898224376 
978.2468487765253 29.891184132570498 
978.2555841517558 29.7512766744749 
978.2781391438218 27.96042372993652 
978.2827334547235 25.7571078887749 
978.2881701861874 24.10614030167015 
978.2900855600906 24.042487740455577 
978.2924082962008 23.893035192206444 
978.2926989063302 23.865652711615404 
978.2932788053532 23.65163102230012 
978.3434378963746 23.083013316039747 
978.399292810105 22.69989681642185 
978.555031412072 21.275066666245664 
978.5605260081718 20.818908044354853 
978.5632519669906 18.327164209556123 
978.5650176333551 18.033002179331557 
978.568433342668 18.02277750975636 
978.5687743943431 17.871230666029284 
978.5694109923782 17.32334215253528 
978.5694761377028 17.25817944558589 
978.621387984455 17.109457324572915 
978.78002224318 16.624008313489075 
978.8800364005571 10.630910558714406 
978.8862679632235 10.363360436897251 
978.9032994679209 8.767588116348014 
978.9210342188074 3.312456771933667 
978.9321542510511 3.0071562476890645 
978.9578681444822 2.609086228966738 
978.9894655200773 2.5697333750752858 
979.0153779854168 2.3498326970241 
979.113424059853 2.348188559469391 
979.3452899460807 2.347793369761806 
979.4238365524344 2.3442389183506878 
979.4265401078895 2.3426920981140453 
979.4366489235348 2.31168072511414 
979.4368132738393 2.2980898191166683 
979.436830745228 2.291234806662789 
979.437105677028 2.275691416311217 
979.4372282007512 2.26770849023525 
979.4615013733838 2.1666444585471996 
979.7317663340275 1.9849753822774814 
979.8473556731477 1.973144256829429 
982.8063703652335 1.934291439696532 
982.8898989713925 1.9331955735847952 
982.890667730997 1.9292734638978 
982.8918617835402 1.9265671527868895 
982.8984637856414 1.9245782044203177 
982.8985640237786 1.9153378426098984 
984.11180918172 1.8981566109377723 
984.5978504171501 1.8530331435434175 
984.6285360258178 1.8207006914813355 
984.8419692077101 1.7992220354696373 
984.8846166743155 1.7341193042529217 
984.8949292485328 1.7009215956857378 
984.9296829350011 1.665788030409984 
987.1885212080472 1.6470754201385938 
987.5617409539905 1.498270186086799 
987.7277939767197 0.8781013978473171 
990.5031726739664 0.8466239782437643 
990.6089812830432 0.7601934216747503 
990.7844275888245 0.6330591970757055 
990.9849377575208 0.5163977601595463 
991.021042453921 0.5065721388969615 
