100 2
0.4706932856427053 999.7915931685046 
0.8671628829080493 999.7701360048062 
4.52571679773737 986.6145540427066 
5.333852607582704 986.610735704597 
6.769094728442106 986.3574703519515 
11.307612499036772 986.3254926309011 
13.04524607600542 986.1203025446953 
14.641776513926168 986.1155211016576 
16.591455364013516 985.5291679055462 
16.804699328739794 984.5712425216751 
18.573652478868535 984.5570471938921 
24.83655369800501 984.5496283716961 
24.933848143368586 984.4620791975846 
25.03881544753104 984.4036537086266 
25.087214931235028 984.3937345399684 
25.844775880116714 982.953806319456 
30.92374375083898 981.9112616922417 
30.92378865297739 981.7272409154101 
30.923788784637722 981.7248055118678 
30.923792635429805 981.7244599976882 
30.92379337193131 981.7244314113449 
30.923805714522597 981.7214522665525 
30.92659736485179 981.6481608966726 
30.92816957146907 980.8112162121897 
30.928513026542497 980.7564415548552 
30.928541184746233 980.4093974781591 
30.928569825195336 979.9713180098993 
30.92874228736122 979.6687105135347 
30.951729721443293 976.9355198712188 
31.53369661149122 971.5236916671576 
31.57628926588118 970.7446932163617 
31.62855373217444 969.2790092104257 
31.7066318290408 968.1381190773693 
31.768751494668464 967.7538651322521 
31.93078174031083 965.9364771469187 
31.96641437797613 964.906905568542 
32.16245749793554 964.592724419715 
103.76715045443007 959.8720065130176 
114.11215116337152 823.4658928641774 
114.36750414755609 793.6733153665721 
116.04888544206707 719.7996709407838 
119.03215066640625 645.5976265577054 
119.5793593076081 540.6220500889109 
829.6057003458072 361.3690459297552 
829.6072527191006 340.1475807013473 
829.6308498062768 334.77151697264037 
829.8324128905058 283.20775815226136 
830.0684624353919 276.17186081704193 
831.2784644176586 241.44304726367352 
840.235928861972 234.1679708669859 
854.0036927908734 154.32248196280327 
863.2881956823601 110.30918309400352 
882.0502789060189 87.64093230602397 
927.7255750493149 63.97377270040035 
928.0490637844549 63.94634030592498 
930.8395253466316 63.93935658564678 
930.9165385515215 63.90008697851863 
932.0987781549564 63.45618636946119 
933.5751724650198 63.41830702705343 
935.3940049987399 63.237441623864356 
958.5833420637144 62.15391684039982 
958.803109955012 61.722949662737584 
959.2926120394679 61.44571008662121 
959.39394821342 61.43927292008028 
959.7398268026983 59.15737084590458 
959.7440741502786 59.1536510854414 
959.7443899866537 59.15179846818163 
959.7447247303267 59.14765570046925 
959.7480176254054 59.145937398893246 
959.8186153143615 59.145421093931034 
959.819942963784 59.14540932611391 
959.8210829518854 59.145372898627556 
959.8299032528797 59.10078247858407 
959.8310972449382 59.08570179352203 
959.8325961987043 59.071403055244865 
959.8326612730107 59.069410008584086 
959.8326746030395 59.06890422026534 
959.8326864000076 59.06856303695384 
959.832712251503 59.06666849231819 
959.8327125621328 59.06661127215155 
959.8327127422613 59.066610178761536 
959.8327131656253 59.06659739276384 
959.8327252967663 59.066415358253394 
959.8353207824512 59.065966645239754 
959.8401795391737 59.06537647467438 
959.8553656743537 59.06128041072791 
959.8626219297527 59.05673798642167 
959.866212954939 59.05652249530799 
960.0178778909997 58.60652267795606 
960.7311952530927 57.30498103985473 
960.8310805767725 57.301773197035686 
961.0557664686731 57.17509052460358 
962.5214458254067 57.085039585340105 
964.5757489359966 57.080026365740906 
964.6920148614873 56.99082103613787 
967.6231006965588 56.68127316773327 
970.9220487381945 55.41053073676472 
986.3978096988903 40.18093847679074 
987.7671013512552 34.62596421118528 
993.3131227556336 23.731292808974967 
