100 2
240.92619439500373 937.3661509612987 
241.1531331537675 933.504009029157 
243.9740599630761 933.1135365476603 
243.97595667221128 933.0980370171778 
243.98325129833964 932.9684670742987 
243.98924895720666 932.9571496942601 
243.99000337426935 932.8316474030667 
244.16630006804772 931.1184651746964 
244.55294061226772 930.6904426755856 
245.5002921412739 926.7314302943529 
247.716865594934 924.3491149102753 
278.0234445813059 923.9114528147255 
282.8564864937382 923.7136994867966 
284.2375638981824 921.8484760577002 
291.91871989818503 921.8407825804233 
294.8361023302766 921.8237007488917 
295.86355219288794 921.7768223201502 
297.4417401163265 921.7421670329551 
297.7993425271917 921.5937916194874 
298.0156616835424 921.3313335537504 
298.0526791759915 921.3077536197135 
298.0933309028399 921.2831843758187 
298.31808842244544 921.2069168471126 
306.84627002185965 920.616126413133 
310.6608198684131 920.6035079854422 
310.9272881118442 920.5994992755492 
311.76287661821254 920.5991147513815 
312.07931106651773 920.5983301139199 
312.53409943942205 920.5920409802703 
312.5833984018165 920.5915349703655 
312.7760743779183 920.5910713639103 
313.24746592546967 920.5899530812158 
313.3820670300823 920.5879974095708 
314.3575079740202 920.587916194187 
315.43152965399565 920.5874889704382 
315.4658712049686 920.5869084038392 
315.73108909099284 920.5865866141838 
324.0138433134729 919.9527600378117 
327.5147997425337 892.7144530207411 
330.2984386630117 741.8638701350708 
330.7445335834307 741.8626323197217 
333.25699416097615 741.8626256072898 
334.81947347297586 741.8620590425488 
340.41811918726927 741.8587346774722 
342.0029898921532 741.8540137329559 
344.383224453448 741.7530353296197 
346.5979339639267 741.7469392102474 
347.1599549954526 741.7140963907794 
347.26444151883993 741.7117551273334 
347.36252417303285 741.704971352491 
347.85545712281817 741.6887123079741 
347.96600234735075 741.6573484475164 
348.03462408305455 741.656119969637 
349.6439923156682 741.5038213618909 
349.7299764544323 741.50187387831 
349.84078702756614 741.4942810756745 
349.9363399728277 741.4373716372498 
349.942498983291 741.4214219227845 
354.00049660853375 741.4184016449541 
373.81389154201844 741.4131829459561 
383.8961600917804 738.7481115870346 
384.11459393438093 713.9911183510633 
406.14998915725454 576.2058526617892 
406.5514764180775 472.06911807715204 
410.6243776310105 443.3115610861811 
411.1184081714524 422.8983812804407 
568.9430161514236 238.7848609875136 
576.8467395403798 223.39251399073868 
577.9661157947478 221.18754960384942 
577.9833397359972 218.09672139451234 
578.9560543894472 215.09300197770588 
579.100309141666 173.48594353283136 
579.176124511443 173.03631662753048 
579.2706159476726 172.90728115957415 
579.4153180114132 166.20787738261058 
580.1652557635425 166.1497697602089 
580.385763705654 166.14559643850558 
581.4191732421328 166.1022290517122 
581.7034143923205 166.06393186360813 
582.7698240223671 165.8978356487953 
584.9300399914953 165.25108683741706 
584.9490769753546 165.13322502647966 
584.953424449656 165.10057082760233 
585.058245994126 165.06757891543157 
585.1457950576139 165.06575201222398 
585.5894457028392 165.03586621637533 
585.5895222126007 165.03553829518603 
585.5901444268047 165.035272095169 
585.5929056511568 165.03397440069045 
585.5953036152234 165.03394330683463 
585.5953055831632 164.98453943339868 
585.5953070015828 164.95757889053235 
585.5953079554558 164.95585905256303 
756.4554621781574 122.593045157442 
769.4725528992689 117.68147491468564 
771.3703555018358 116.03832251511128 
913.8145547366381 115.48553443266356 
960.4850267240453 115.35908917954443 
967.278102384987 76.46259277370054 
984.2475388003851 69.71861440370147 
