100 2
0.0432063699409505 997.6564301226499 
0.0434530762412477 997.6537110777343 
0.0444817820448056 997.6494553965044 
0.05835615871276439 997.5583499010216 
0.169286707289614 997.2355474593272 
0.2005339420404378 996.7108346865732 
0.6305717053516326 996.0948850486737 
0.6383543939397862 996.0852663583719 
0.6413156636471061 995.8791572446702 
0.6414641009708358 995.1380564471364 
0.6415081691900067 994.4065146299297 
0.6616530512495288 994.3516030417384 
0.6757500599698645 994.3410830220273 
0.7003087979275933 994.3317950566806 
0.7027931598820849 994.2916026281753 
0.7452995246941135 994.2357685293557 
0.7587163791115964 994.1928695681834 
0.7598504402164908 994.1894348858033 
0.7980312565864802 994.1647027650282 
1.0024575798355209 994.0574526050327 
1.0254773623423112 993.713765609729 
1.0455734414044278 993.7121142602931 
1.154311170719726 993.1906704816357 
2.971009103865881 991.3650513140884 
6.9443612334509455 990.1362619046781 
13.172327926685485 989.8409556542788 
13.183348706249095 989.5721704308547 
13.18607463231856 989.3831384123938 
13.36534993131805 988.8712678944738 
13.939554241314273 988.8669681136968 
14.081073546758102 988.7715992594143 
14.09446935612154 988.6891851764846 
14.110889702721742 988.4845614523541 
14.21142367380595 987.3020736611275 
14.531042026322542 986.9536461453979 
14.659563388828458 986.7827896869558 
61.30933186395763 975.7745194698075 
93.83787887093797 971.8192885310334 
93.83929316564229 967.9318679614188 
93.84011860859819 967.4257350723647 
93.8484508260234 967.1179005960719 
93.85580760985779 967.0510026140454 
93.94237054253061 965.9747291005432 
94.19839481814726 951.2580436453038 
120.4524080767062 951.2553883949369 
169.30960974362048 951.2454719170934 
189.7867661600919 951.2446117154032 
222.10563612583547 951.2438374193288 
243.42455070701834 951.2436113700621 
245.71907088135913 951.2347437385828 
246.43760239072955 951.2340514089864 
296.6058302625582 951.1216722051443 
301.5051846607715 951.1190548656343 
303.96378930464783 951.1188383045724 
342.52907444639555 951.1172562284737 
373.8359944259587 951.1166020314479 
377.31768987303224 951.1103342830413 
383.2173820788649 951.1100471487761 
383.54054809325913 951.1095444468347 
384.955303724586 951.0330611037215 
399.6073770145886 950.9350753897683 
400.5848006117275 950.9261330327467 
405.8805852274784 950.9239445603492 
407.8115815959053 950.8439776228314 
421.2007087069683 949.894889370253 
474.56106646239334 949.5918712111084 
483.07352708454243 949.5685942196185 
484.5349531956571 949.5541169021519 
486.357842881099 949.5384438446423 
492.3434611468516 949.4807236724417 
499.33356399213164 949.4404181100294 
499.7888787339802 949.4402984895643 
501.3144996705748 949.4400787145352 
501.36416037469104 949.4400701611075 
501.36984445958365 949.4400596563452 
504.28067145905493 949.4399390847482 
505.34759294198096 949.4399004885476 
505.45638927157665 949.439894785115 
505.4655317339993 949.4333507050441 
505.46930290091717 949.4302828716977 
506.4702835251923 949.3564088606378 
506.5321325828357 949.3513989989725 
506.8374347705008 949.2790979269914 
507.1163879551629 949.259916966627 
509.7576441516657 949.2568653114483 
510.2476600728158 949.2469780603519 
544.1208572659177 949.0290120914872 
544.1726135502446 948.4256586358183 
544.1739186047315 948.0929747210807 
549.3501497186245 936.0435085609632 
551.0279515550487 931.2700258326965 
552.7101127715356 902.2649581898338 
553.9619981774468 893.7588667693725 
556.0061442705204 885.2805390513738 
562.4935944915175 800.9196966020737 
567.1655615211945 744.3935991009936 
567.743338590397 742.6504660829305 
628.4876454735769 654.1660583591274 
628.9393361720944 632.2240866695437 
661.5610354279374 483.2205542217608 
