100 2
0.7941616786899669 970.180801817275 
1.0171512027814953 967.8840766532701 
1.0292421993390826 967.8818026399604 
1.0871237104668432 967.8752331633976 
1.1298512954843967 967.640513783218 
1.367915012127848 965.3333489534436 
1.3685077278957853 965.3309511676954 
1.368775799881926 965.3291297035013 
1.3731504867268456 965.3277998848635 
1.557114977413313 965.314773445655 
1.9204019178236313 964.8692309882767 
2.040347215689793 963.2691068507269 
2.1175080421538417 962.789177700487 
2.1481616987265655 962.7360002222629 
2.1934661960306534 962.7241602872764 
2.24498291090009 962.5613452922854 
2.2475295053410873 962.5053785692184 
2.2479768242214218 959.5527537910635 
2.249375177903017 955.5235141938027 
2.2521168877583566 953.9908677805969 
2.267855940390032 953.7090642793414 
2.288707715093795 952.8859977309819 
2.308263932363653 952.8407210461686 
2.3102124093411573 952.7778792972922 
2.4535851299459983 951.1950105500425 
2.483268496203296 950.8114708387122 
2.508022718082845 949.330605430684 
2.540732894136153 945.3105524253631 
2.7910465398524567 944.0215510971998 
6.5637475361036905 943.3726826417636 
15.381473961557974 942.1370226508011 
16.630128491589836 932.4578580313379 
16.63013122224988 924.9024943198327 
16.630135241494447 902.2734919871974 
16.63014893523075 893.3155342735311 
16.631571254237805 884.9968879250503 
16.635947084924933 874.7632043899248 
16.638614349646023 855.6923186859093 
16.70054427463747 849.6973707240518 
17.698604694826845 849.5323701580029 
18.881416965028826 847.8800973913374 
20.049393946842905 845.4144666079619 
21.294887341417205 825.2943013360814 
23.434291363383885 717.825256703719 
25.026832915770353 709.7824870478794 
25.163642045183227 709.6892955374404 
25.2943803640124 709.6811848087907 
25.9239273754073 709.3780414316285 
26.150162920151285 667.566606943825 
28.151857958759123 636.3745989682798 
28.2239100985629 636.0714264121528 
28.235290961735114 634.1850888949551 
28.39116525605147 620.2574584794572 
28.91528848006027 607.1849882749616 
28.99759872780022 604.851094934394 
30.113535205321668 603.9918253087837 
30.9878381628075 603.5126798158444 
31.036791772955386 601.1705967990605 
31.038851330706475 601.170337456125 
31.038904188828027 601.1696676344461 
31.039814489421325 601.1696525373533 
31.125039095086667 601.110033561957 
31.18298010591461 601.0732466527115 
31.24531280088804 600.9027054217311 
31.3256740050032 600.7693102602963 
31.392429891410597 584.8275877770371 
31.550536780940465 571.741756085708 
32.735268875501426 570.7919467517296 
33.08784809614103 558.117656479335 
93.89043352509086 557.4565094278717 
135.2317581716317 260.78133753375266 
140.52627287282485 244.48529452063917 
145.95816500262376 214.68393454797788 
158.00604823966347 203.96621878572665 
161.39812799435157 161.13538014155833 
161.4803131090935 160.52271023247013 
161.50830867580916 159.80132308841593 
161.80902822178226 148.4327239190557 
161.88557139120238 145.5854726579688 
161.95021021027756 140.93228164300962 
164.01538145907045 130.447495984131 
164.7267452757651 128.75610073920095 
164.7801894297681 128.49678998603184 
165.1322552801466 126.60908639008636 
169.28553309221925 107.34034161801377 
171.8693440452491 103.06414532728739 
173.0350857050376 102.89866521647622 
173.2146216638359 102.35534735734495 
173.31086573526858 102.18646383240824 
173.79146979613222 99.00630039557721 
181.80255755892694 90.05018480131804 
199.26740249498278 87.43597863250218 
210.00586379049875 86.0161257132772 
544.9398993548234 54.15620721872163 
694.5687628885642 53.95708479569201 
729.9000792536358 53.22025679493976 
841.6978240998451 33.566799105133825 
953.6474769652224 26.003448411093828 
979.0050682564876 25.252000747622667 
992.5335425766823 25.188549448083844 
