100 2
63.58254787150668 996.9313495204398 
64.22120808903826 993.3257847412657 
71.25839072783319 990.2906351386694 
75.1995421217551 990.0539487744867 
75.53368845537072 989.5056790761156 
75.53865984386796 989.4149620230409 
75.54215414592119 989.3713824415794 
75.54643623016909 989.3705075438727 
75.55336047590818 989.368981778848 
77.52453992742126 981.0908648018496 
78.139650851631 978.9909418349044 
78.30244356739114 978.487399670023 
78.7182467852569 970.2812571462764 
79.9280254860112 961.5021814949736 
80.24726866596906 957.2979398935504 
80.27794455287071 957.2977473428809 
80.32195050300493 957.2977354294006 
80.33055578835877 957.2972198222427 
80.4973377931304 957.29438027452 
80.51532245144757 957.2943448208988 
80.52751114409301 957.2941412718479 
80.6119738147606 956.38514110822 
80.62842988049975 956.3692399915897 
80.63208943474045 956.3562913196763 
80.7150692044055 956.2565954608724 
80.9164971431077 953.1705089585371 
80.96565901628844 951.5855382760202 
80.97602058759215 951.1055644017117 
81.08283040290468 950.2059439942849 
81.21781509063514 948.4937440818142 
81.2250865380957 946.0358960404811 
81.25066616575269 944.1155754936505 
81.58504489439662 943.7538971160342 
82.2188123914149 943.7175019836802 
82.43490281217204 943.3036336817496 
82.4512210142687 942.165924954424 
82.81048152320494 941.3735732526478 
83.58378025750011 939.8848846061177 
85.16089816617661 933.3775455248068 
93.18210641726805 930.850872372749 
94.65032904401646 930.3879581654156 
94.81137917326807 920.6679571197974 
95.99174743536224 918.3232496453435 
97.8689790966823 917.9705160347077 
103.96990293744898 917.894237135636 
254.27671302041273 894.7766349484751 
523.4573768291525 862.2494571659756 
536.4479640192349 828.9251481340283 
554.234111141902 708.8308934740073 
559.8741609261953 700.1547635596639 
559.8945037543117 697.7841721110898 
559.9832158677245 692.0129147362516 
560.5922600298294 680.182992507282 
605.6152213937961 622.0042632184055 
608.9438412988322 616.7796679610389 
608.9772222461828 616.5120448106878 
609.3112526730941 554.1065447548394 
609.3128057976012 553.581077479636 
609.322013961876 553.5274865655518 
609.629859362279 553.2424631764956 
609.6991983552176 553.2010023605139 
609.7066100342928 553.1770415544626 
636.727684182004 553.1033329762125 
636.7690437376289 550.9398578036844 
650.8089375392027 550.726319501179 
666.1737273731435 499.19991796929753 
670.5852466673531 391.2962512126339 
672.839950649089 375.1705465652976 
685.3620890559039 373.23860056021715 
685.9994751281042 184.5744743135924 
686.1337450058894 154.71368415870245 
688.9343043152045 139.62085448155446 
694.5162324321034 132.6836761034679 
696.0825472051712 130.59905324549314 
702.4535791366565 130.20343809708115 
729.2815079826565 108.55178748004616 
819.8139962997546 103.37099313221825 
827.1143210657599 100.48192240752603 
841.5683021573006 85.28864445745816 
842.1730810749431 81.40137029570697 
853.6271480717527 81.18951466522265 
854.3382237318705 81.1704458178507 
854.4253581712975 81.16241675469848 
854.4385452077419 81.1459106694072 
854.9291302726501 81.11573661920795 
854.9604012058734 81.09860808854835 
855.0198032468699 81.07440386713436 
855.1028245431268 81.01849334130898 
988.5580636886675 78.53903099857197 
988.5619971608114 36.79684003094317 
988.5790406978097 34.31323703077092 
988.701857129799 29.282675525315277 
988.7070976913578 22.256752053548663 
988.8018027744214 21.444224050949693 
988.8303424298572 18.969021148665657 
996.356095568982 17.39059766991546 
997.2336966808979 12.43138768972294 
997.4372055657561 3.1962232034427145 
999.5633312851083 2.3275515592030414 
999.621172737744 0.7177204877577584 
