100 2
106.9931283042473 916.3982028372759 
145.85707725787654 889.3078938616337 
150.2207873765759 880.5169899827274 
219.65417976536617 877.8338151245371 
229.26201895145832 830.7768594547139 
234.40002713712116 799.0745895171216 
236.7252775625277 778.2343193418346 
238.35079994662436 752.4897424273033 
239.47578234958232 746.0221784698722 
243.97183882331154 709.1327178154279 
261.25729733908065 705.425559070298 
264.4030099611318 653.6373262601381 
264.7645130904914 632.8909867803848 
266.37124749939625 610.6099478320089 
295.76968986673455 572.0158876154399 
340.654250561764 511.23170898213186 
342.68855873747515 497.47684480086974 
342.7194830148984 497.4161190951148 
342.79927411868573 492.76439499982314 
346.9446123980227 475.0959844458389 
418.67505135639925 473.2155174574679 
459.66275577265003 472.7835999980746 
479.6544554596391 471.4114421423271 
482.32590636782663 471.3940715690085 
482.7576920598146 471.3214125306929 
483.23223070156706 471.2970401514782 
484.68633614493234 471.2924040728356 
484.9208348738566 471.0281567782747 
501.2690638658491 470.69476262158236 
501.663182642954 469.8774117316014 
501.88640788816235 469.82721732857783 
507.53638598186706 469.7996324891291 
515.0380937876616 469.78203633081506 
515.1835325770103 468.5409747573137 
515.5421946393406 468.36543288403084 
541.6229863932932 465.05809880705885 
543.420276363683 464.33672756516717 
547.4457345584481 463.04911502280675 
576.449670602681 462.86088058322366 
578.9454406534427 462.7163497132674 
581.288909989344 462.6770289541241 
582.0320275373472 462.59350961547324 
582.2253024524135 462.58662071625145 
598.7585120007656 460.9206049549895 
598.7678380297411 460.12614912732164 
598.7843252099708 456.05253885834827 
598.8071364891082 455.5301558669591 
598.8359565414751 451.3578628758671 
598.8747572140187 447.8247386886247 
599.646817936213 444.6346447445778 
599.8682000977467 443.52003131361795 
599.9212646721526 441.94902085092554 
599.9321224838327 441.44263790251614 
599.9325700821503 440.975371589809 
600.0237790326387 439.39421860850445 
603.089489277891 439.0274236964046 
603.5488015280177 438.0938218235883 
609.3272715224466 437.8796384638056 
611.3165935361124 437.6473210239679 
611.9793600900138 436.64225095082793 
613.1046543258146 435.1787426761388 
616.4992051908296 433.7088740144432 
655.3121950832217 419.46197432858867 
807.2768677005355 412.51144473502916 
807.3554390626708 408.24011860733424 
807.3574768445948 407.7187924297307 
807.4640477001899 406.80414878225736 
807.48295283878 406.6650819055503 
807.498941275294 406.2489190086185 
809.0293190875019 406.1430283978441 
809.1860910217032 405.8563564064632 
809.2598409243678 405.6133677952841 
809.3639946739106 405.4467431655197 
809.364686614274 405.3926921340537 
809.3650723167318 405.32679157179354 
809.3652371295959 405.27342175204717 
809.4171615743616 405.1797141206985 
809.417393438097 405.1224888140772 
809.417601157947 405.09875271267214 
809.4194476444324 405.0695224263264 
809.4336041989892 404.174833922661 
809.7332466026429 403.65921395522673 
809.7506395456567 403.61542925517136 
809.8730046800827 403.57196568338696 
809.8762683956777 403.55157572410576 
809.890936179663 403.3789013307193 
809.9016268225201 403.3758593118457 
809.9536383605719 403.3757026284701 
809.9726157523058 403.37542086387157 
809.9756822295327 403.35233898398656 
809.9852628378355 403.35058266278344 
809.994100281809 403.3410064517764 
810.0021344199988 403.3398969107091 
810.0712561187657 403.3294607847357 
810.1449883203369 402.4025564920345 
810.2434281076828 401.4744200368039 
820.6468065387245 393.46678850193257 
822.3506394101549 390.23653487055975 
937.5307792856885 231.24824328044616 
955.0614705825644 21.227462153055857 
