100 2
0.021682241528847068 999.9775218237085 
0.042034255796817174 999.8923065695114 
0.06753440079074347 981.8738291732476 
0.7035707524500071 916.2872642333058 
1.2061222650767358 900.0568614120817 
1.4514870056220048 890.20210834324 
1.773325100739637 877.5790822846996 
1.7912574217348094 868.5492215861073 
1.7966375907482748 852.4110539723309 
1.8538563035783924 831.3717666291643 
1.9087644883164057 823.4522566710152 
2.3209186463142792 823.4014274862911 
2.3597295725328253 821.2374462669203 
2.454091845898857 821.0485435257896 
2.455048601393285 819.8445842710651 
2.6184131884679536 810.907367752616 
4.9818400393974125 806.6018281412048 
4.994969543848237 799.8544341952951 
30.0876247824324 753.0028887505418 
36.38719601152622 742.1575744971714 
36.99214237469559 741.926148914404 
37.055332409276566 738.5465398821914 
37.394877539788126 734.4371871107013 
37.53507698435911 733.3656958432191 
45.132604698945094 727.873759227172 
53.30309025964094 725.4520317171097 
56.99345787063545 700.9782237114438 
72.16497129876521 700.736931220738 
97.34318703270785 699.8025279033301 
97.46663768553907 699.801249081538 
97.47189879907836 699.800803888131 
97.47569609069885 699.7996219176352 
97.49126595154156 699.7994201668131 
97.5119628351748 699.7994090751565 
97.51983619804729 699.7985304277672 
100.63513553469033 699.7503940249296 
103.72825654433869 689.7211329106057 
120.02674991549696 662.260042446407 
120.02703578604886 657.913148942434 
120.02916013646917 637.002970326406 
120.25129342815465 634.7978166210902 
120.33122310260177 578.9417897308648 
120.40875220666017 471.19334874164645 
121.65256617952076 466.121223719325 
124.94026759949806 464.35244699963437 
132.3543187403487 448.1076913933899 
133.72833574077356 442.6461663907995 
133.7619895855991 378.9726577702801 
133.7691254440081 359.6437083427604 
133.7698410393974 358.44036039667037 
134.16787417790098 358.0593481396917 
134.2771135287987 357.69575014871214 
134.28304661012365 356.89552213392955 
135.25474144870861 339.77277660923363 
150.9967656995494 312.10743032550914 
151.01862042068552 307.9514932757023 
151.42283569153517 298.37417746731285 
151.43169068556458 298.2807444300232 
151.4384700756279 297.9931798118343 
151.44436183262079 294.4179555148913 
152.25560981524734 246.64874421000493 
342.2027337313758 244.9419538627892 
360.36186668889627 244.8883829987957 
378.9224276463477 244.76841573371226 
395.64363655638977 244.75472076098188 
397.03794068819104 244.55013105546516 
402.2580948559866 244.5075212720499 
427.29372270019866 243.6395278310963 
431.01026385354004 243.16645553874045 
444.88322939414627 239.1024706408728 
482.2707026222234 236.93645106386475 
526.5947477501078 236.88996891146184 
546.3385475092048 236.37749690318907 
551.8150155078338 236.25374285032282 
649.3123080714543 183.83366115625552 
653.507814289284 154.65728730034942 
653.8278355282849 149.9244429214703 
654.9282695893465 146.48372009993432 
655.7895191615954 145.53173897994685 
655.8005599927369 144.19564174834903 
655.8097767274032 143.58991124481426 
657.3373240984778 108.41274078667209 
657.6089716159003 103.56361528484808 
673.0169813035968 101.39993224571707 
689.0331459371365 101.35367916996914 
689.2912736903131 101.2929913457051 
689.5861170443958 101.25956230769017 
690.3427702418662 100.8235604961906 
692.7900476981363 100.04951387217898 
744.2308788803236 99.80978217874897 
760.5151480574017 99.60403753215716 
791.7702657059942 98.81206204735754 
792.1806913487281 98.10137431213218 
792.3643551680425 97.91227637369549 
792.3644750318282 97.20258971760562 
806.0273109173667 86.1258536649784 
827.0508270777884 7.3791964835541775 
852.0418956186271 4.286058713267926 
861.9938850249706 3.396926156353513 
927.9091564157613 0.4692431645521563 
