100 2
4.053416717317412 966.714802549795 
4.286167788915608 966.1268283990996 
49.133245875515215 957.981576864764 
144.89958276856837 896.3003626973184 
253.06830790479898 588.9007286990552 
272.23682421879266 582.353671259076 
290.68734304128753 581.3436264933339 
326.5870084633451 581.3236487259235 
335.1952009528064 581.2571264452605 
344.9287194489195 581.2254469955841 
353.28432955895335 580.8751896674381 
357.6611564597825 580.7161291824274 
358.30221586827656 580.7116394296537 
359.85360805965735 580.710384306791 
361.30412357763987 580.7102017606419 
361.3259476055545 580.7096980786471 
361.7534376447331 580.6747999383557 
361.8740138077762 580.6719795399717 
362.0022475110104 580.6686945568792 
362.31913085484734 580.5998950471064 
366.66545482244396 580.5809845932382 
403.1358365195032 580.4372678784438 
404.43689488103803 579.1704064561505 
406.0510926934651 579.1704030363743 
406.1613606491136 579.1680767127641 
406.86697485486997 578.5252208056227 
407.2886521268202 578.0076039259881 
408.60304329915675 576.4485012198932 
408.9614679120369 574.8618489237585 
409.1373742429922 574.1254456781775 
409.50386798229084 573.6502150794129 
409.56698207875155 573.6450907065065 
409.6898848637408 573.6438109546845 
409.7136172463012 573.3646813674945 
409.7324287468121 573.336992216422 
409.75019901080765 572.9825879212206 
409.8306317655543 572.9267881816694 
410.2621800727832 572.6000247959495 
410.5480126448325 572.1046727023886 
413.09463800239666 571.6070544739524 
414.58782477630933 544.4740464471945 
418.11229509778224 497.1912522341701 
418.33683058945377 488.58241415219743 
418.89838734216505 485.67079710962395 
418.90574309081444 481.5633804110514 
419.3940348623625 478.93982556950647 
420.18713123108586 478.6520306039504 
420.9419207902352 477.99695422933667 
422.94563443341787 477.8532066112579 
423.0704460855299 473.0349238321823 
424.128246099741 457.1058309533131 
424.5555138760505 456.44928595248706 
424.58501821511356 452.972144585677 
424.5853130019172 448.5368906772794 
424.8081968485566 438.8020071799292 
424.99262316405424 428.61150608714576 
467.2715205644105 427.0124714461185 
480.34585080921136 424.43893440653 
502.44990016568556 418.33194175095247 
502.4749072935605 388.8439497108926 
502.55432590741543 366.4910994120695 
502.7912277896481 319.5911376650145 
502.94158665427085 176.19247968302943 
503.0117510485582 99.93920158038813 
503.0164976128497 99.93074802188997 
503.0273256661132 99.9280615448057 
503.0330962485705 98.17481918442742 
503.0380692580999 97.96157885194782 
503.0399042061926 97.81250591310733 
503.04239239501885 93.61662515332455 
503.05138809473385 90.64593242274513 
503.0537879741487 88.3550270994332 
503.0541044590022 71.40821223672646 
503.05496437740754 69.50916557024578 
503.0613743697494 66.8268250003677 
503.06580647909095 64.45936951926687 
503.0665540563829 52.4812946461396 
504.28465460992305 17.232407149089337 
508.0513254714209 11.515203182244827 
508.0759229945067 11.515125167634983 
508.2123915261746 11.514979755449302 
508.24296644276956 11.513399415055446 
528.2058271983557 11.510765334619801 
534.9848978924242 11.497478426218208 
543.5329547074157 11.38720389049621 
561.3072421429893 11.386630478047826 
569.7175879188949 11.386391522751138 
587.2172851833102 11.385339237674755 
632.6830106577902 11.38483984178138 
669.7297290285691 11.384839835162943 
699.0432898849028 11.384839832299557 
709.8295957596354 11.384839758542 
711.4536375024003 11.38483973442997 
711.9294563698068 11.3848396217087 
716.7903424298196 11.384839126212803 
718.37510331831 11.384836829081019 
721.3624143345643 10.275889135881284 
766.1766485259168 7.958596745397791 
779.1947876969618 7.243349112869462 
782.0540761479965 1.6567843674586522 
