100 2
10.398427901215973 999.749602694532 
10.988719795836921 999.6837268514587 
11.728831583032656 999.6597221652543 
11.73302325257271 999.6285107893056 
11.838128142490726 999.5935315747664 
11.866365606057398 999.5860505306467 
11.906028754046297 999.381650676652 
11.948334392401637 999.3638385353006 
11.963677551926969 999.3412516520247 
69.52128324254137 993.4677023805675 
69.57138802347684 993.3558638687297 
70.26617541683432 993.2598291195299 
70.26732978643213 993.2504065092375 
70.26735490124636 993.2461112370033 
70.26764767808599 993.2390093923573 
70.29625824730765 993.2353237785118 
70.3015782052666 993.2032930258291 
70.3034744049542 993.2030896806037 
70.30501993966186 993.0380143934742 
70.30553894136153 992.9944496625109 
70.30754311962463 992.975720009153 
70.3159741351751 992.9689368576657 
70.31651908409722 992.9661487354863 
70.32711696184504 992.9626505417393 
70.5395698931128 992.7485344527108 
71.10248817519269 992.4225521718375 
71.30465698982792 992.4217715798071 
74.34279979256104 992.291733840315 
74.99120777564377 992.2673240275528 
74.99534547559492 992.2624340631527 
75.0479562429358 992.2558076938489 
75.06136327808332 992.252384393746 
75.06167295610989 992.244384006361 
75.07410624902927 992.2046842133541 
75.08164560888773 992.1687694249596 
75.16121411469118 992.0923434256791 
75.1745383756839 976.8820727818583 
77.14673723302595 974.7826514497488 
77.43568915488676 973.9304398115929 
77.74927762736723 967.0669652506818 
78.73934926674794 950.6413818220616 
79.99080194911629 948.8762913524564 
79.99893139794702 948.7454585287937 
80.0579160513404 948.6622992839185 
80.0978380484284 947.2604506414559 
80.10053754512946 946.9914382896984 
80.10969618871242 946.9028656937843 
80.11029518276965 946.5625124214507 
80.13523685420687 946.3295712033366 
80.21472967835685 942.4096323801664 
80.22222700080127 941.2146132086795 
80.23130248922578 940.0469099894831 
80.27561198168736 939.9284601099608 
80.28929397881967 939.8603837012591 
80.62104529802549 932.512306335154 
84.16872339138884 913.1921147436622 
84.3828076462425 912.9855856716526 
86.31707069944608 912.9326724493803 
88.3391183873421 912.9128685481704 
88.50835981635602 912.8147007600642 
88.54394979165433 912.3436828325614 
88.64445199528645 902.8697278073184 
88.66320475234419 900.5353950797249 
88.68587327257814 881.5029693798219 
89.38126229368537 880.8600561093822 
89.3895183589 880.8590589432253 
89.6409560667212 880.8543193274592 
89.64866988208539 880.8501566649671 
89.69646234147369 880.848540864775 
89.70978196492436 880.839053097816 
89.83428599314773 880.8362206147119 
89.89216133019168 880.7984008424137 
91.22980342994107 875.5997685308396 
94.32752109963081 872.6051277739709 
94.75271352970486 856.5942508270095 
94.91250651457824 855.1263192409792 
95.48945547004467 853.3687945397842 
96.42046874263266 697.6506931263517 
117.09535960253015 686.0629106677994 
129.06151289759785 684.5176927287658 
133.2863819151666 674.7200262754392 
133.47301084832205 674.7073884761311 
133.9340821141496 674.5833345315503 
135.4933514396625 674.4159051635389 
144.1014279396858 674.3982088229978 
144.19388257477303 674.1931781938097 
144.52269960893094 674.1352900992823 
145.04309107020777 673.4988372609754 
147.87267873987224 672.4311228112372 
149.36556939320857 671.4464481176689 
149.6702548072468 671.220358193716 
149.67047901878922 671.2163522420866 
149.6748268501636 671.1827036201795 
149.71432147717454 671.1827001615998 
154.08049110680517 670.3737946646785 
155.20971180385305 662.8795113888445 
155.30776516574414 661.4446582327355 
156.25700700370928 661.2280543856218 
156.45750531014548 654.4111100954977 
159.1135431850023 653.0443148342667 
