100 2
0.02408078791206977 987.5481059965373 
0.03062469139531736 987.4959754409083 
0.0393670176076854 987.4922132186902 
0.03951828975567614 987.490748472966 
0.039530626066757786 987.4902991834605 
0.03960730168758721 987.4902235351728 
0.03960760854133543 987.4901989854746 
0.03961024473909132 987.4901922579728 
0.039613773016092466 987.490174624521 
0.03961831836497211 987.4901686937103 
0.0400227294608454 987.4900460062623 
0.04006114160461269 987.4854016532431 
0.04047646056676544 987.4803084252546 
0.0406235858220866 987.37624194707 
0.04082267683432677 987.375014302899 
0.04095113314829875 987.355790046509 
0.04095141829421971 987.3557900407709 
0.040951636532168906 987.3557900301088 
0.04095273044439 987.3557900268023 
0.04095367578677094 987.3557899888217 
0.040955941031932334 987.3548800524981 
0.040957648139752716 987.3548771499233 
0.040959944330519554 987.3548250865699 
0.040962520456655875 987.3547492199752 
0.040963658166248154 987.3544904030305 
0.0409700541698967 987.354157639607 
0.04138168927052133 987.3268000762027 
0.041582636725475686 987.3067087950158 
0.04189710348648209 987.2935401739944 
0.06562700515382808 987.249807431113 
0.06713904884181623 987.2482558936224 
0.07474372822420922 987.2312392133359 
0.08649416572578326 987.2276652497295 
0.15923253916540195 971.7232737525654 
0.24752699255144273 966.0723684513031 
0.25539488456202425 966.024224950494 
0.27479437093351233 966.0001206261829 
0.4784517670431914 965.9824498672688 
0.6413147814859518 965.9635011420552 
0.6469586292463533 935.6836346025096 
0.7194080220210946 922.3402967264187 
0.7825430658508958 905.7617568788131 
0.8648994176667693 904.098484571762 
0.9031152970485468 901.5942986340208 
0.92927164171441 900.9578730552843 
0.9874621631318217 891.3370115449738 
1.0153473052191915 878.4371708608047 
1.1774258594251867 877.8644427087855 
1.177847285352481 877.2634381533277 
1.1804075970516943 873.4305677686924 
1.1922919193825288 831.5947124997522 
1.1986233053093607 826.8191815235152 
1.1987396797099166 826.5520689089303 
1.1992579995622665 825.8369934685721 
1.2071521013553186 824.9540647965674 
1.216518964731433 812.9495126486681 
1.2197151910849702 806.4857357041464 
1.2202844719212966 801.6277256514273 
1.2212505969068252 793.0812009055714 
1.2249049401206045 763.2389998474345 
1.2386835213178964 762.9754225315532 
1.2502516759045803 762.7988513352128 
1.25359703061668 762.7900085025393 
1.2744203877914286 762.5650536986362 
4.164120004383817 756.6771657583533 
24.38922159256587 751.0215679185163 
26.5259588668128 750.972791370752 
27.910390578557266 750.8898891044503 
182.4344472143084 737.695788143187 
198.31199931576288 731.052577458251 
198.33075941503913 730.9351292129504 
198.36890151337755 730.6773715882433 
198.37684350210094 730.6271923314736 
198.4228438594936 730.4505478276592 
241.07430939217906 719.665691619249 
265.7563712352272 707.5481203183233 
324.90636936978643 699.0049546291074 
403.1114996783142 694.9934947292875 
436.51633091969035 686.9129279421443 
514.8724350625032 670.7900134782486 
549.3534783961538 638.1976482128716 
556.9313928290818 629.1355989446357 
626.3624567117539 568.5457744898576 
627.2029765095269 508.88793012413873 
631.0391664180758 432.8515217323088 
639.4147746990432 419.59994671963193 
658.3064561967612 385.5466820096814 
670.4989157301003 362.13282964408876 
671.6137330582075 350.5173886063008 
679.593879392732 320.2139918300648 
682.2134272518247 318.60747385965925 
683.4958740368895 245.6587571850307 
690.6733625140745 223.01649166699823 
691.2096609001777 212.66283031266227 
692.7455757133272 208.40058706331874 
693.1744468135535 206.74789943624705 
693.277392562093 201.0373140684968 
699.7845913329612 199.36675037514215 
733.592632101929 39.89405032859422 
924.914460458232 38.31064203064188 
