100 2
0.004258127256586402 999.9983340180266 
0.06263635808548931 999.99489723381 
2.085325314730678 998.0018554973452 
2.107477653615895 997.4553395988904 
2.610482954327801 994.0121696260203 
5.140267013303309 993.9736995592982 
6.691808862160713 992.6010079107344 
8.01305647402546 991.5386349583815 
9.07052938027245 979.2222900131273 
10.465285686101764 971.2374374143785 
12.092688284392747 960.8789121625558 
13.49466851646006 960.8673690645817 
13.611903951698187 960.8655915879934 
13.621879914415443 960.8638308775614 
13.622136840657902 960.855934303517 
13.625139815319452 960.854301710835 
13.638977871366922 960.8522104823287 
14.264662965461255 960.851589843112 
16.641275511539313 960.8448878549493 
18.154396778325637 960.8332972316738 
18.91699638014256 960.804709706978 
20.09725964669186 960.7616130019028 
26.02728175027309 960.7033914836877 
26.640246217924023 960.3302917824851 
27.104375005640083 959.7838046898277 
31.091956560553474 957.2201550279572 
32.3313439010434 956.938779213597 
33.208159868794105 949.8618477517903 
34.214062707544926 940.6850741586426 
35.80466146805236 937.9321200236965 
38.37566568716155 935.0979161538168 
147.70322070947694 774.1597930354352 
154.8844649082006 756.0814928623103 
179.35766678202674 736.9423595062826 
181.69317033731676 706.8851898165293 
184.2975053779163 676.3000939193254 
189.84942830884958 661.4961971209477 
190.66617121599276 657.3420100738861 
193.79684987210692 655.1995520125375 
193.83056810377653 587.2583881562587 
194.53991036926027 521.4332396249952 
200.49599565589355 510.69225989149595 
209.3775379671613 502.24241358554497 
215.06917159554243 489.26460910066106 
476.6737274322429 45.41676049522479 
476.88651664265353 42.34616583506101 
476.95474273680634 21.69364525990962 
477.78432412261424 12.782354423996859 
477.79970096093933 5.82675894126105 
477.8019878961368 3.9723187622579257 
851.3232984572978 3.4643870821062928 
860.387703932978 2.984551298553431 
870.354986070867 2.6792231041611805 
874.4431514509404 2.574749752810912 
877.7065447692095 2.5440495714942144 
878.2756232535569 2.525206802260835 
878.3971501226407 2.4288796378085418 
885.3095905873294 2.426242121645189 
885.5695582369057 2.4202604561130747 
885.9740020219181 2.418861822973568 
887.133089838788 2.3749671337568885 
887.3457411532194 2.369320753107193 
887.3462016055622 2.365219497324267 
887.3462067983554 2.365197469522296 
887.346208351844 2.3651947167454868 
887.3466895569871 2.3651867403345093 
887.3466902601386 2.365132128065952 
887.3467007221974 2.364973385247723 
887.347972991367 2.3456317505607145 
893.5465989510868 2.318704400986509 
893.6573697738127 2.318701651452356 
893.8398370349825 2.3184105395758836 
894.369803395291 2.317694084314256 
896.7163158465609 2.2209209664832765 
898.4240082813645 2.215961395843532 
898.4343133978928 2.2155479089512697 
898.6156480739796 2.215140912230953 
898.6206397126859 2.2140816560061345 
898.6215058097793 2.2140815675246976 
898.621646646619 2.2140811285847244 
898.6217142003741 2.2140769548552885 
898.6217462866905 2.2140605440084644 
898.6242571975833 2.214059918164525 
898.624355012214 2.214021584327008 
898.624775449128 2.2140054360057815 
898.8699271716025 2.213780599808021 
899.2854236241608 2.212162072896004 
899.6544712289406 2.1939428389249955 
899.8450614001639 2.1905766782494513 
899.8617728871463 2.1857543651221216 
901.4337307205319 1.7208728601710497 
905.1031612095791 1.6973798060406908 
905.8196285703012 1.6147946398804043 
941.0303839966201 1.0495028872229397 
971.4568726772641 0.5448406116891642 
977.2875041101596 0.5419746652778401 
983.6869581408675 0.539818945497497 
984.8876507050146 0.535876308527284 
985.6253076339779 0.535461566624651 
988.7977360455153 0.3794096435806288 
