100 2
5.42486035325534 817.0343032321229 
5.436942325194517 814.3285535265381 
5.447311873429039 813.3107064778026 
5.46667743185534 813.0561353690641 
5.47280269594313 811.6340106571389 
6.755143228933935 803.7187846146574 
10.746306920566605 791.5025250337658 
19.645040860545983 745.3013626499618 
28.051198873061274 591.6409014006523 
32.98506589139449 452.8616495935311 
33.01012082268138 452.66735694949045 
33.02604167465045 440.05908324805284 
33.085402182835956 197.9388423802121 
35.32442531694169 193.69909804932354 
37.822332240351635 175.20132084019224 
38.15273897725391 143.5939226302052 
39.05411390101857 130.3705542566421 
39.485657889500786 98.11242670635298 
40.50012226015626 46.39829951196101 
48.598822102521964 44.561354897591805 
49.79338952593167 41.0678373906542 
50.104401775164206 40.17428654009492 
50.49470069619218 39.20685531408382 
79.31466304515723 38.91379900445628 
82.20763945408693 38.89601198731606 
82.77161792852839 38.83425814408184 
85.9162338422476 38.787236846959566 
87.50712616474036 38.70774446970353 
88.1308897933969 38.66899697585553 
88.20602941243112 38.66886765166252 
88.21008621653161 38.66877863706183 
88.23230665162441 38.66873033207607 
88.23759506182485 38.66863755390046 
88.24179120042945 38.66846533850529 
89.2725337280508 38.66812494113993 
89.30214950585147 38.66806788390327 
89.32578112884714 38.66776644226678 
89.3356938738302 38.66758436729903 
89.95367804084137 38.66757230769053 
92.92559643042827 38.667557475032325 
93.25824660100382 38.66252564812461 
93.74835553392205 38.65444009946346 
94.0728629475635 38.65166599818989 
94.10162562568587 38.64894571771137 
94.1395222172223 38.6452237250318 
94.30921658239633 38.64116569600801 
94.3445319433349 38.639195334820656 
94.34535101457172 38.638951185158135 
94.3459738917329 38.63560555624604 
94.3470306722871 38.635582716331704 
94.38636866054985 38.63550647288685 
94.39094335036786 38.63510533528186 
94.42989246490498 38.63472588038378 
94.4328007377249 38.63229110836313 
94.43788228051608 38.63223317566477 
94.44248307123956 38.63181060848426 
97.94138710084769 38.59346520756745 
98.04426719076753 37.36074377365272 
98.07494768828343 37.034724344547065 
98.26086003020701 36.472879012699394 
98.26760132280386 36.11849971234637 
98.29610097825349 36.00301345271738 
98.35266247017672 35.779707362846125 
98.90544300200196 35.59086544651487 
99.38968684680744 33.616461755201755 
99.61051577879617 33.44630708718081 
99.84595494485707 33.230197100860586 
100.03337101795661 33.16997607713884 
100.05364363927897 33.15470051761237 
100.06269550948292 33.15414008936232 
100.06270948315579 33.03796910962374 
100.07511687046198 32.910925021504305 
100.24318859674075 32.89703154004678 
100.31169459049715 32.62354360180281 
101.79104143053955 31.206911092194765 
102.03576978362173 30.07569199248281 
102.20846727242413 24.668874095387043 
103.89538961088715 18.554382109386136 
104.28183345109164 18.452306674398468 
104.6426054071189 18.438379884876884 
104.8608193980535 18.428117352647412 
104.93695064562317 18.426409577913958 
104.93928447155793 18.42482616629645 
104.94197564404158 18.420798364098342 
105.29016933793152 18.351931761601698 
105.33143037210839 18.265241047781558 
105.96252699899946 16.74660226720254 
107.61575980653232 7.602679947832364 
108.08362422120453 7.513671255805917 
108.31453824975844 7.338667617745399 
108.81171934666087 6.913228219330538 
109.77158254895159 6.127718502444957 
110.59776429920292 4.799234279190392 
110.6630599731173 4.779135227053333 
110.66371707142571 4.137280934684542 
110.6671554956585 3.9917738316581515 
110.71479388912174 3.756623567790971 
215.63422411667497 0.25414742484424196 
218.35059333523103 0.23970546723523736 
410.4521425567747 0.010960139389261398 
